0 0.6455078125 0.450951684375 0.58984375 0.450951684375 0.58984375 0.5666178625 0.6455078125 0.5666178625 0.6455078125 0.450951684375
0 0.7138671875 0.4626647140625 0.6572265625 0.4626647140625 0.6572265625 0.5768667640625 0.7138671875 0.5768667640625 0.7138671875 0.4626647140625
0 0.7783203125 0.4626647140625 0.724609375 0.4626647140625 0.724609375 0.5695461203125001 0.7783203125 0.5695461203125001 0.7783203125 0.4626647140625
0 0.8544921875 0.45973645625000004 0.7880859375 0.45973645625000004 0.7880859375 0.57393850625 0.8544921875 0.57393850625 0.8544921875 0.45973645625000004
0 0.9208984375 0.4685212296875 0.8603515625 0.4685212296875 0.8603515625 0.57393850625 0.9208984375 0.57393850625 0.9208984375 0.4685212296875
0 0.98828125 0.472913615625 0.9267578125 0.472913615625 0.9267578125 0.579795021875 0.98828125 0.579795021875 0.98828125 0.472913615625
0 0.6494140625 0.5754026359375 0.5927734375 0.5754026359375 0.5927734375 0.6896046859375 0.6494140625 0.6896046859375 0.6494140625 0.5754026359375
0 0.708984375 0.5827232796875 0.6552734375 0.5827232796875 0.6552734375 0.686676428125 0.708984375 0.686676428125 0.708984375 0.5827232796875
0 0.7841796875 0.579795021875 0.7294921875 0.579795021875 0.7294921875 0.6998535875 0.7841796875 0.6998535875 0.7841796875 0.579795021875
0 0.84765625 0.5812591515625 0.7890625 0.5812591515625 0.7890625 0.6983894578125 0.84765625 0.6983894578125 0.84765625 0.5812591515625
0 0.984375 0.591508053125 0.9306640625 0.591508053125 0.9306640625 0.705710103125 0.984375 0.705710103125 0.984375 0.591508053125
0 0.7802734375 0.7101024890625001 0.7236328125 0.7101024890625001 0.7236328125 0.8125915078125001 0.7802734375 0.8125915078125001 0.7802734375 0.7101024890625001
0 0.8525390625 0.7101024890625001 0.791015625 0.7101024890625001 0.791015625 0.8257686671875 0.8525390625 0.8257686671875 0.8525390625 0.7101024890625001
0 0.58203125 0.74524158125 0.525390625 0.74524158125 0.525390625 0.8448023421874999 0.58203125 0.8448023421874999 0.58203125 0.74524158125
0 0.7109375 0.8345534406249999 0.6591796875 0.8345534406249999 0.6591796875 0.9341142015624999 0.7109375 0.9341142015624999 0.7109375 0.8345534406249999
0 0.5869140625 0.503660321875 0.5263671875 0.503660321875 0.5263671875 0.6207906296875 0.5869140625 0.6207906296875 0.5869140625 0.503660321875
0 0.9140625 0.7115666171874999 0.8583984375 0.7115666171874999 0.8583984375 0.8199121515625001 0.9140625 0.8199121515625001 0.9140625 0.7115666171874999
0 0.6484375 0.8111273796875 0.5908203125 0.8111273796875 0.5908203125 0.937042459375 0.6484375 0.937042459375 0.6484375 0.8111273796875
0 0.716796875 0.6954612 0.65625 0.6954612 0.65625 0.8228404093749999 0.716796875 0.8228404093749999 0.716796875 0.6954612
0 0.921875 0.8243045390624999 0.857421875 0.8243045390624999 0.857421875 0.9414348468749999 0.921875 0.9414348468749999 0.921875 0.8243045390624999
0 0.58203125 0.6222547578125 0.5263671875 0.6222547578125 0.5263671875 0.7423133234375 0.58203125 0.7423133234375 0.58203125 0.6222547578125