0 0.58984375 0.5666178625 0.6455078125 0.5666178625 0.6455078125 0.450951684375 0.58984375 0.450951684375 0.58984375 0.5666178625
0 0.6572265625 0.5768667640625 0.7138671875 0.5768667640625 0.7138671875 0.4626647140625 0.6572265625 0.4626647140625 0.6572265625 0.5768667640625
0 0.724609375 0.5695461203125001 0.7783203125 0.5695461203125001 0.7783203125 0.4626647140625 0.724609375 0.4626647140625 0.724609375 0.5695461203125001
0 0.7880859375 0.57393850625 0.8544921875 0.57393850625 0.8544921875 0.45973645625000004 0.7880859375 0.45973645625000004 0.7880859375 0.57393850625
0 0.8603515625 0.57393850625 0.9208984375 0.57393850625 0.9208984375 0.4685212296875 0.8603515625 0.4685212296875 0.8603515625 0.57393850625
0 0.9267578125 0.579795021875 0.98828125 0.579795021875 0.98828125 0.472913615625 0.9267578125 0.472913615625 0.9267578125 0.579795021875
0 0.5927734375 0.575875046875 0.5927734375 0.6890625 0.6494140625 0.6890625 0.6494140625 0.575875046875 0.5927734375 0.575875046875
0 0.6552734375 0.686676428125 0.708984375 0.686676428125 0.708984375 0.5827232796875 0.6552734375 0.5827232796875 0.6552734375 0.686676428125
0 0.7296875 0.5797755765625 0.7296875 0.6984375 0.7828125 0.6984375 0.7828125 0.5797755765625 0.7296875 0.5797755765625
0 0.7890625 0.6983894578125 0.84765625 0.6983894578125 0.84765625 0.5812591515625 0.7890625 0.5812591515625 0.7890625 0.6983894578125
0 0.9306640625 0.705710103125 0.984375 0.705710103125 0.984375 0.591508053125 0.9306640625 0.591508053125 0.9306640625 0.705710103125
0 0.7796875 0.7105119875 0.7234375 0.7105119875 0.7234375 0.8125 0.7796875 0.8125 0.7796875 0.7105119875
0 0.79111328125 0.7108505671875001 0.79111328125 0.825 0.8515625 0.825 0.8515625 0.7108505671875001 0.79111328125 0.7108505671875001
0 0.58125 0.7449510421875 0.525 0.7449510421875 0.525 0.84375 0.58125 0.84375 0.58125 0.7449510421875
0 0.6591796875 0.9341142015624999 0.7109375 0.9341142015624999 0.7109375 0.8345534406249999 0.6591796875 0.8345534406249999 0.6591796875 0.9341142015624999
0 0.5263671875 0.6207906296875 0.5869140625 0.6207906296875 0.5869140625 0.503660321875 0.5263671875 0.503660321875 0.5263671875 0.6207906296875
0 0.8583984375 0.8199121515625001 0.9140625 0.8199121515625001 0.9140625 0.7115666171874999 0.8583984375 0.7115666171874999 0.8583984375 0.8199121515625001
0 0.59072265625 0.8109935484375 0.59072265625 0.9359375 0.64833984375 0.9359375 0.64833984375 0.8109935484375 0.59072265625 0.8109935484375
0 0.65625 0.8228404093749999 0.716796875 0.8228404093749999 0.716796875 0.6954612 0.65625 0.6954612 0.65625 0.8228404093749999
0 0.8576171875 0.8235804812499999 0.8576171875 0.940625 0.9203125 0.940625 0.9203125 0.8235804812499999 0.8576171875 0.8235804812499999
0 0.58125 0.6225075484375 0.5265625 0.6225075484375 0.5265625 0.7421875 0.58125 0.7421875 0.58125 0.6225075484375