0 0.58984375 0.5666178625 0.6455078125 0.5666178625 0.6455078125 0.450951684375 0.58984375 0.450951684375 0.58984375 0.5666178625
0 0.6572265625 0.5768667640625 0.7138671875 0.5768667640625 0.7138671875 0.4626647140625 0.6572265625 0.4626647140625 0.6572265625 0.5768667640625
0 0.724609375 0.5695461203125001 0.7783203125 0.5695461203125001 0.7783203125 0.4626647140625 0.724609375 0.4626647140625 0.724609375 0.5695461203125001
0 0.787890625 0.4601676875 0.787890625 0.5734375 0.854296875 0.5734375 0.854296875 0.4601676875 0.787890625 0.4601676875
0 0.9203125 0.46875 0.8609375 0.46875 0.8609375 0.5734375 0.9203125 0.5734375 0.9203125 0.46875
0 0.9875 0.472705434375 0.9265625 0.472705434375 0.9265625 0.578125 0.9875 0.578125 0.9875 0.472705434375
0 0.5927734375 0.6896046859375 0.6494140625 0.6896046859375 0.6494140625 0.5754026359375 0.5927734375 0.5754026359375 0.5927734375 0.6896046859375
0 0.6552734375 0.686676428125 0.708984375 0.686676428125 0.708984375 0.5827232796875 0.6552734375 0.5827232796875 0.6552734375 0.686676428125
0 0.7296875 0.5797755765625 0.7296875 0.6984375 0.7828125 0.6984375 0.7828125 0.5797755765625 0.7296875 0.5797755765625
0 0.846875 0.58123970625 0.7890625 0.58123970625 0.7890625 0.696875 0.846875 0.696875 0.846875 0.58123970625
0 0.9306640625 0.705710103125 0.984375 0.705710103125 0.984375 0.591508053125 0.9306640625 0.591508053125 0.9306640625 0.705710103125
0 0.7236328125 0.8125915078125001 0.7802734375 0.8125915078125001 0.7802734375 0.7101024890625001 0.7236328125 0.7101024890625001 0.7236328125 0.8125915078125001
0 0.791015625 0.8257686671875 0.8525390625 0.8257686671875 0.8525390625 0.7101024890625001 0.791015625 0.7101024890625001 0.791015625 0.8257686671875
0 0.58125 0.7449510421875 0.525 0.7449510421875 0.525 0.84375 0.58125 0.84375 0.58125 0.7449510421875
0 0.65927734375 0.8345122609375 0.65927734375 0.9328125 0.709375 0.9328125 0.709375 0.8345122609375 0.65927734375 0.8345122609375
0 0.5263671875 0.6207906296875 0.5869140625 0.6207906296875 0.5869140625 0.503660321875 0.5263671875 0.503660321875 0.5263671875 0.6207906296875
0 0.8583984375 0.8199121515625001 0.9140625 0.8199121515625001 0.9140625 0.7115666171874999 0.8583984375 0.7115666171874999 0.8583984375 0.8199121515625001
0 0.59072265625 0.8109935484375 0.59072265625 0.9359375 0.64833984375 0.9359375 0.64833984375 0.8109935484375 0.59072265625 0.8109935484375
0 0.6564453125 0.6952370046875 0.6564453125 0.821875 0.715625 0.821875 0.715625 0.6952370046875 0.6564453125 0.6952370046875
0 0.8576171875 0.8235804812499999 0.8576171875 0.940625 0.9203125 0.940625 0.9203125 0.8235804812499999 0.8576171875 0.8235804812499999
0 0.58125 0.6225075484375 0.5265625 0.6225075484375 0.5265625 0.7421875 0.58125 0.7421875 0.58125 0.6225075484375